-8.7   24.5       0.0
1.1   56.5        0.0
-33.6   9.2       0.0
-69.5   29.0      0.0
-129.1   -16.7    0.0
-106.6   -43.9    0.0
-19.1   -55.0     0.0
-93.6   -151.8    0.0
-97.7   -271.1    0.0
33.7   -123.2     0.0
91.9   -250.2     0.0
87.6   -106.1     0.0
146.1   -120.7    0.0
247.1   -143.4    0.0
292.9   -46.3     0.0
219.8   13.8      0.0
300.7   43.8      0.0
208.3   110.2     0.0
110.3   -10.3     0.0
178.2   -45.8     0.0
101.2   -58.8     0.0
-309.0   -83.7    0.0
-336.5   83.2     0.0
-389.4   211.9    0.0
-366.5   346.8    0.0
-190.0   414.9    0.0
-103.4   226.8    0.0
42.2   190.6      0.0
-53.5   132.8     0.0
-92.7   99.5      0.0
178.7   314.2     0.0
257.3   296.0     0.0
481.4   369.7     0.0
606.0   990.6     0.0
373.4   185.9     0.0
403.0   48.3      0.0
405.2   -50.8     0.0
396.9   -202.8    0.0
222.6   -301.8    0.0
264.8   -322.6    0.0
-28.1   -430.9    0.0
-300.2   -385.3   0.0
-377.6   -203.7   0.0
-657.5   95.7     0.0
-935.4   753.0    0.0
-1913.1   452.1   0.0
-1531.4   1791.5  0.0
-603.7   -255.1   0.0
-2927.8   2634.9  0.0
-3763.7   605.6   0.0
-2142.4   -549.3  0.0
-887.6   -482.4   0.0
-619.3   -824.5   0.0
9.7   -965.0      0.0
910.1   -239.3    0.0
1254.3   298.6    0.0
1668.2   632.4    0.0
307.4   3151.4    0.0
2927.8   2634.9   0.0
3847.4   896.5    0.0
3569.9   -1447.9  0.0
-17.2   -1884.3   0.0
-1504.1   -2046.5 0.0
-3569.9   -1447.9 0.0
